

a<- 3+5

b <- 6*3

a*b
